-28.2796755,-52.3942425,0.04,
-28.279675666667,-52.3942425,0.07,
-28.279675833333,-52.3942425,0.09,
-28.279676,-52.3942425,0.04,
-28.279676166667,-52.3942425,0.04,
-28.2796765,-52.394242666667,0.10,
-28.279676666667,-52.394242666667,0.09,
-28.279676833333,-52.3942425,0.11,
-28.279677,-52.3942425,0.01,
-28.279677166667,-52.3942425,0.16,
-28.2796775,-52.3942425,0.11,
-28.279677666667,-52.3942425,0.15,
-28.279678,-52.3942425,0.13,
-28.279678166667,-52.394242333333,0.21,
-28.279678666667,-52.394242166667,0.94,174.76
-28.279679333333,-52.3942415,1.88,167.47
-28.2796805,-52.394240666667,2.80,162.30
-28.279682,-52.394239333333,4.26,158.63
-28.2796835,-52.394238333333,3.10,155.78
-28.279685,-52.394237166667,3.39,151.79
-28.2796865,-52.394236,4.03,150.00
-28.279688,-52.394234833333,3.65,147.54
-28.2796895,-52.3942335,4.04,146.68
-28.279691333333,-52.394232166667,4.51,146.71
-28.2796935,-52.3942305,5.13,145.21
-28.2796955,-52.394228833333,5.01,144.80
-28.2796975,-52.394227,5.21,144.25
-28.279699666667,-52.394224833333,5.25,143.47
-28.279701833333,-52.3942235,4.93,144.49
-28.279704166667,-52.394222,5.80,145.08
-28.279706333333,-52.3942205,5.21,145.54
-28.279708666667,-52.394218833333,5.44,145.84
-28.279710833333,-52.394217,5.68,145.86
-28.279713166667,-52.394215166667,5.19,146.82
-28.279715333333,-52.3942135,5.19,146.01
-28.279717333333,-52.394212,4.90,146.83
-28.279719166667,-52.394210666667,4.17,147.68
-28.279721166667,-52.394209333333,4.79,147.69
-28.279723333333,-52.394207666667,5.55,147.47
-28.279725833333,-52.394205833333,6.22,147.07
-28.2797285,-52.394203833333,6.39,146.89
-28.279731,-52.394202,5.81,147.10
-28.279733833333,-52.394200333333,6.87,147.49
-28.279736666667,-52.394198166667,6.99,147.20
-28.279739333333,-52.394195833333,6.16,146.03
-28.279741833333,-52.3941935,6.54,144.52
-28.279744666667,-52.394191,7.12,144.70
-28.2797475,-52.394188333333,7.15,143.74
-28.279750166667,-52.394185833333,6.62,143.42
-28.279753,-52.3941835,6.66,143.94
-28.279755833333,-52.394181333333,6.99,144.11
-28.279758833333,-52.394179166667,6.74,144.34
-28.2797615,-52.394176833333,6.72,144.55
-28.279764166667,-52.3941745,6.64,144.39
-28.279767166667,-52.394172166667,7.22,144.84
-28.27977,-52.394169833333,6.95,144.74
-28.279772833333,-52.394167333333,6.54,144.38
-28.2797755,-52.394165166667,6.77,144.84
-28.279778333333,-52.394162833333,7.11,144.86
-28.279781,-52.394160666667,6.63,145.07
-28.279783666667,-52.394158333333,6.47,144.72
-28.279786333333,-52.394156166667,7.05,144.86
-28.279789166667,-52.394153833333,6.87,145.28
-28.279791833333,-52.3941515,6.98,145.09
-28.279794666667,-52.394149333333,6.75,145.29
-28.279797333333,-52.394147,6.73,144.81
-28.279800166667,-52.394144833333,7.04,145.03
-28.279803,-52.3941425,7.01,145.38
-28.279805666667,-52.394140166667,6.66,144.76
-28.2798085,-52.394138,6.87,145.29
-28.279811333333,-52.394135666667,6.98,144.52
-28.279814166667,-52.394133333333,7.13,144.52
-28.279817,-52.394131,6.92,144.55
-28.279819833333,-52.394128666667,7.26,144.76
-28.279822666667,-52.394126166667,7.07,144.63
-28.279825666667,-52.394123833333,7.13,144.96
-28.2798285,-52.3941215,7.41,143.96
-28.279831333333,-52.394118666667,7.50,143.46
-28.279834333333,-52.394116166667,7.19,144.23
-28.279837333333,-52.394114,7.13,144.05
-28.279840166667,-52.394111833333,6.82,144.76
-28.279843,-52.3941095,7.00,145.15
-28.279845833333,-52.394107333333,7.32,145.02
-28.279848833333,-52.394105,7.05,145.00
-28.279851666667,-52.3941025,7.43,144.52
-28.279854666667,-52.3941,7.18,144.46
-28.2798575,-52.394097666667,7.01,145.04
-28.2798605,-52.3940955,7.26,144.42
-28.279863333333,-52.394093166667,6.76,144.93
-28.279866166667,-52.394091,7.14,145.17
-28.279869,-52.394088666667,7.08,144.53
-28.279872,-52.394086333333,7.21,144.79
-28.279874666667,-52.394083833333,6.85,144.57
-28.2798775,-52.3940815,7.11,143.99
-28.279880333333,-52.394078833333,7.23,143.71
-28.279883166667,-52.3940765,6.98,144.11
-28.279886,-52.394074166667,6.91,144.17
-28.2798885,-52.394071666667,6.73,144.02
-28.279891,-52.394069166667,6.79,143.43
-28.2798935,-52.3940665,7.00,143.18
-28.279896333333,-52.394064166667,7.01,143.36
-28.279899333333,-52.394062,7.16,143.67
-28.279902166667,-52.394059666667,6.83,143.38
-28.279904833333,-52.394057333333,6.83,143.33
-28.279907666667,-52.394055,6.81,143.23
-28.2799105,-52.394052666667,7.27,143.48
-28.2799135,-52.394050333333,7.30,144.17
-28.279916333333,-52.394048,6.87,143.92
-28.279919333333,-52.394045666667,7.24,143.81
-28.279922,-52.394043166667,6.95,143.10
-28.279924666667,-52.394040666667,6.79,142.43
-28.2799275,-52.394038333333,6.86,143.03
-28.279930333333,-52.394036,7.23,142.60
-28.279933,-52.394033333333,7.36,142.11
-28.279935833333,-52.394030666667,7.30,141.62
-28.2799385,-52.394028,7.15,140.94
-28.279941166667,-52.394025666667,6.74,141.24
-28.279944,-52.394023333333,7.21,141.47
-28.279946833333,-52.394020833333,7.11,141.37
-28.279949333333,-52.394018333333,6.86,140.72
-28.279952,-52.394015666667,7.19,140.75
-28.279954833333,-52.394013166667,6.92,140.89
-28.2799575,-52.394010666667,6.85,141.11
-28.279960166667,-52.394008166667,6.93,141.09
-28.279962666667,-52.394005833333,6.67,141.07
-28.279965166667,-52.394003166667,6.90,140.00
-28.279967666667,-52.3940005,6.62,140.07
-28.279970333333,-52.393998,7.07,139.90
-28.279972833333,-52.393995166667,7.22,139.58
-28.2799755,-52.3939925,7.23,139.53
-28.279978,-52.393989666667,7.07,138.91
-28.279980333333,-52.393986666667,7.21,137.85
-28.279982666667,-52.393983833333,7.08,138.15
-28.279984833333,-52.393981166667,6.45,137.87
-28.279987166667,-52.393978333333,6.74,137.54
-28.279989333333,-52.393975666667,6.94,137.78
-28.279991833333,-52.393972666667,7.34,137.42
-28.279994166667,-52.393969666667,6.83,137.51
-28.279996333333,-52.393967,6.74,137.65
-28.279998666667,-52.393964166667,6.65,137.57
-28.280000833333,-52.3939615,6.55,137.70
-28.280003166667,-52.393958833333,7.01,138.30
-28.280005666667,-52.393956166667,6.83,138.10
-28.280007833333,-52.393953333333,6.34,138.17
-28.280010166667,-52.3939505,7.11,137.86
-28.280012666667,-52.393947833333,7.20,138.13
-28.280015,-52.393945,6.76,137.99
-28.2800175,-52.393942333333,6.81,138.27
-28.280019833333,-52.393939666667,6.62,138.43
-28.280022166667,-52.393937166667,6.49,138.39
-28.2800245,-52.3939345,6.92,138.74
-28.280027,-52.393931666667,6.85,138.52
-28.280029166667,-52.393929,6.56,137.94
-28.2800315,-52.3939265,6.69,138.04
-28.280033833333,-52.393923833333,6.58,138.78
-28.280036333333,-52.393921333333,6.74,138.93
-28.280038666667,-52.393918833333,6.45,138.92
-28.280041,-52.393916,7.02,138.06
-28.2800435,-52.393913333333,7.04,138.20
-28.280045833333,-52.393910666667,6.22,137.97
-28.280048166667,-52.393908166667,6.71,138.46
-28.280050666667,-52.3939055,6.88,138.85
-28.280053166667,-52.393902833333,6.69,138.15
-28.2800555,-52.3939,7.08,138.11
-28.280058,-52.3938975,6.62,138.80
-28.280060333333,-52.393895,6.56,138.43
-28.280062666667,-52.393892333333,6.80,138.33
-28.280065166667,-52.393889666667,6.76,138.33
-28.2800675,-52.393887,6.74,138.45
-28.280069833333,-52.3938845,6.47,138.11
-28.280072166667,-52.393881833333,6.51,138.22
-28.280074666667,-52.3938795,6.63,138.93
-28.280077,-52.393877,6.86,138.82
-28.280079333333,-52.393874333333,6.35,138.28
-28.280081666667,-52.393871666667,6.59,138.40
-28.280084166667,-52.393869166667,7.16,138.70
-28.280086666667,-52.393866666667,6.38,138.61
-28.280089,-52.393864166667,6.54,138.77
-28.2800915,-52.3938615,7.11,138.58
-28.280093833333,-52.393858833333,6.24,138.45
-28.280096166667,-52.393856333333,6.79,138.77
-28.280098666667,-52.393854,6.67,139.42
-28.280101166667,-52.3938515,6.63,139.03
-28.280103666667,-52.393848833333,6.87,139.34
-28.280106166667,-52.393846333333,6.73,139.23
-28.2801085,-52.393843833333,6.27,139.03
-28.280110666667,-52.3938415,6.46,138.30
-28.280113,-52.393838833333,6.33,138.28
-28.280115333333,-52.393836333333,6.92,138.64
-28.280117833333,-52.393833833333,6.52,139.28
-28.280120333333,-52.393831333333,6.80,139.36
-28.280122833333,-52.393828666667,6.73,139.10
-28.280125333333,-52.393826166667,6.76,139.64
-28.280127833333,-52.393823666667,6.92,140.00
-28.2801305,-52.393821166667,6.61,140.52
-28.280133,-52.393818833333,6.75,140.59
-28.2801355,-52.3938165,6.59,140.49
-28.280138,-52.393814,6.95,140.50
-28.2801405,-52.393811666667,6.46,141.27
-28.280143166667,-52.3938095,6.72,141.35
-28.280145666667,-52.393807166667,6.54,141.23
-28.280148166667,-52.393804833333,6.85,141.25
-28.280150666667,-52.3938025,6.44,141.27
-28.280153166667,-52.393800333333,6.59,141.86
-28.280155666667,-52.393798,6.60,141.63
-28.280158333333,-52.3937955,6.89,141.55
-28.280160833333,-52.393793166667,6.71,141.20
-28.280163333333,-52.393790833333,6.62,141.32
-28.280166,-52.3937885,6.91,141.48
-28.280168666667,-52.393786,6.81,141.32
-28.2801715,-52.393783666667,7.02,142.32
-28.280174166667,-52.393781333333,6.65,142.13
-28.280176666667,-52.393779166667,6.85,142.43
-28.2801795,-52.393776666667,7.02,142.46
-28.280182166667,-52.393774333333,6.64,142.78
-28.280184833333,-52.393772166667,6.78,143.24
-28.280187666667,-52.393769833333,7.11,143.43
-28.2801905,-52.3937675,6.73,143.58
-28.280193166667,-52.393765166667,6.67,143.97
-28.280196,-52.393763,7.14,144.11
-28.280198666667,-52.3937605,6.91,143.74
-28.280201333333,-52.393758,6.85,143.25
-28.280204,-52.3937555,7.20,142.67
-28.280206666667,-52.393752833333,7.03,142.28
-28.2802095,-52.393750166667,7.29,142.23
-28.280212166667,-52.3937475,7.08,142.11
-28.280214833333,-52.393744833333,7.02,141.38
-28.280217333333,-52.393742166667,6.96,140.98
-28.28022,-52.3937395,7.22,141.37
-28.280222833333,-52.393737,7.41,141.50
-28.2802255,-52.393734333333,6.94,141.10
-28.280228333333,-52.393731666667,7.49,140.91
-28.280231166667,-52.393728833333,7.67,140.45
-28.280233833333,-52.393725833333,7.80,139.75
-28.280236666667,-52.393723,7.55,139.83
-28.280239333333,-52.393720166667,7.34,139.18
-28.280242166667,-52.3937175,7.56,140.06
-28.280245166667,-52.393715,7.48,140.59
-28.280248,-52.3937125,7.14,140.78
-28.280250666667,-52.393709833333,7.47,140.76
-28.2802535,-52.393707166667,7.27,141.15
-28.2802565,-52.3937045,7.47,141.33
-28.280259333333,-52.393701833333,7.54,141.10
-28.280262333333,-52.393699166667,7.51,141.12
-28.280265166667,-52.393696333333,7.56,140.89
-28.280268,-52.393693666667,7.52,140.80
-28.280270666667,-52.393691,7.09,140.30
-28.2802735,-52.393688333333,7.46,140.52
-28.280276333333,-52.393685666667,7.57,140.73
-28.280279166667,-52.393683166667,7.45,141.01
-28.280282166667,-52.3936805,7.93,140.97
-28.280285,-52.393677833333,7.24,140.88
-28.280287833333,-52.393675166667,7.91,140.54
-28.280290833333,-52.393672333333,7.63,140.69
-28.280293666667,-52.393669833333,7.34,141.25
-28.280296666667,-52.393667333333,7.72,141.10
-28.2802995,-52.393664666667,7.74,140.58
-28.280302333333,-52.393661833333,7.70,140.74
-28.280305166667,-52.393659333333,7.21,140.78
-28.280308,-52.393656666667,7.84,140.73
-28.280310833333,-52.393654,7.70,140.72
-28.280313666667,-52.393651333333,7.37,140.92
-28.2803165,-52.393648666667,7.68,140.98
-28.2803195,-52.393646166667,7.74,141.41
-28.280322333333,-52.3936435,7.65,141.43
-28.280325333333,-52.393640666667,7.92,140.71
-28.280328166667,-52.393637833333,7.94,140.44
-28.280331166667,-52.393635,7.85,140.57
-28.280334166667,-52.393632333333,7.66,141.20
-28.280337166667,-52.393629833333,7.98,141.72
-28.280340166667,-52.393627,7.94,141.33
-28.280343166667,-52.393624333333,7.76,141.20
-28.280346166667,-52.3936215,7.59,141.08
-28.280349,-52.393618833333,7.80,141.39
-28.280352166667,-52.393616166667,7.98,141.71
-28.280355,-52.3936135,7.53,141.57
-28.280358,-52.393610833333,8.02,141.15
-28.280360833333,-52.393608,7.85,140.83
-28.280363833333,-52.393605166667,7.81,140.72
-28.280366666667,-52.393602333333,7.80,140.47
-28.280369833333,-52.393599666667,8.20,141.06
-28.280372833333,-52.393597,7.79,141.19
-28.280375833333,-52.393594333333,7.61,140.55
-28.280378833333,-52.3935915,8.07,141.03
-28.280381833333,-52.393588833333,8.04,141.08
-28.280384833333,-52.393586,7.69,140.65
-28.280387666667,-52.393583166667,7.66,140.68
-28.280390666667,-52.3935805,7.94,141.03
-28.280393833333,-52.393577833333,8.12,141.21
-28.280396833333,-52.393575,7.80,141.29
-28.2804,-52.393572333333,8.12,141.58
-28.280403,-52.393569666667,8.00,141.36
-28.280406166667,-52.393566666667,8.24,141.27
-28.280409166667,-52.393563833333,7.99,141.61
-28.280412166667,-52.393561166667,7.72,141.72
-28.280415166667,-52.3935585,7.75,141.60
-28.280418166667,-52.393555833333,7.52,141.33
-28.280421,-52.393553,7.85,141.23
-28.280424166667,-52.393550166667,8.11,141.19
-28.280427333333,-52.393547333333,8.07,141.27
-28.280430166667,-52.3935445,7.53,141.08
-28.280433166667,-52.393541833333,7.95,141.78
-28.280436333333,-52.393539166667,7.71,141.81
-28.280439333333,-52.3935365,7.83,141.97
-28.2804425,-52.393533833333,8.12,142.48
-28.2804455,-52.393531166667,8.00,142.53
-28.2804485,-52.3935285,7.63,142.23
-28.2804515,-52.393525666667,7.85,141.99
-28.2804545,-52.393522833333,8.01,142.07
-28.2804575,-52.393520166667,7.65,142.01
-28.2804605,-52.393517333333,7.96,141.35
-28.2804635,-52.3935145,8.17,141.17
-28.280466666667,-52.3935115,8.42,141.49
-28.280469833333,-52.3935085,8.41,141.07
-28.280472833333,-52.393505333333,8.19,140.37
-28.280476,-52.393502166667,8.84,140.60
-28.280479166667,-52.393499166667,8.25,140.69
-28.2804825,-52.393496166667,8.74,140.59
-28.280485833333,-52.393493,8.84,140.62
-28.280489166667,-52.39349,8.27,140.31
-28.280492333333,-52.393486833333,8.69,140.35
-28.280495833333,-52.393483833333,8.85,141.12
-28.280499333333,-52.393481,8.59,141.21
-28.280502666667,-52.393478,8.50,141.57
-28.280506,-52.393475,8.51,141.46
-28.280509166667,-52.393472,8.44,141.17
-28.280512333333,-52.393469166667,7.91,140.92
-28.2805155,-52.393466166667,8.68,141.33
-28.280519,-52.393463333333,8.58,141.67
-28.280522333333,-52.393460333333,8.33,141.58
-28.280525666667,-52.393457333333,8.87,141.65
-28.280529,-52.393454333333,8.63,141.54
-28.280532333333,-52.393451333333,8.31,141.83
-28.280535833333,-52.3934485,8.81,142.10
-28.280539333333,-52.3934455,8.76,142.41
-28.280542666667,-52.393442666667,8.32,142.45
-28.280545833333,-52.393439833333,8.51,142.47
-28.280549333333,-52.393436833333,8.50,142.76
-28.280552666667,-52.393434,8.51,142.93
-28.280556,-52.393431166667,8.73,143.16
-28.2805595,-52.393428333333,8.56,143.44
-28.280562833333,-52.393425333333,8.44,143.15
-28.280566333333,-52.3934225,8.76,143.54
-28.280569833333,-52.393419666667,8.58,143.62
-28.280573333333,-52.393416666667,8.78,143.67
-28.280576833333,-52.393413833333,8.70,143.63
-28.280580166667,-52.393410833333,8.82,143.70
-28.280583666667,-52.393408,8.44,144.11
-28.280587166667,-52.393405333333,8.53,144.00
-28.2805905,-52.3934025,8.10,144.18
-28.280593833333,-52.393399833333,8.59,144.27
-28.280597333333,-52.393397,8.60,144.41
-28.280600833333,-52.393394166667,8.62,144.30
-28.280604166667,-52.393391333333,8.57,144.20
-28.280607666667,-52.3933885,8.47,144.54
-28.280611166667,-52.393385833333,8.34,144.90
-28.280614833333,-52.393383166667,8.83,145.27
-28.280618333333,-52.3933805,8.62,145.21
-28.280621833333,-52.393377666667,8.44,144.95
-28.280625333333,-52.393374833333,8.82,145.47
-28.280629,-52.393372166667,8.50,145.44
-28.2806325,-52.3933695,8.41,145.49
-28.280636166667,-52.393366833333,8.67,145.86
-28.280639666667,-52.393364166667,8.58,145.81
-28.280643166667,-52.3933615,8.49,145.87
-28.280646666667,-52.393358666667,8.47,145.62
-28.280650166667,-52.393356,8.78,146.17
-28.280653666667,-52.3933535,8.38,145.95
-28.280657166667,-52.393350833333,8.41,146.01
-28.280660666667,-52.393348166667,8.32,145.99
-28.280664166667,-52.393345666667,8.30,146.20
-28.280667666667,-52.393343166667,8.60,146.38
-28.280671166667,-52.3933405,8.31,146.56
-28.280674666667,-52.393337833333,8.57,146.32
-28.280678166667,-52.393335166667,8.65,146.47
-28.280681833333,-52.3933325,8.48,146.19
-28.280685166667,-52.39333,8.21,146.08
-28.280688666667,-52.393327333333,8.28,146.01
-28.280692333333,-52.393324666667,9.01,145.87
-28.280695833333,-52.393321833333,8.54,146.07
-28.2806995,-52.393319166667,8.80,146.21
-28.280703166667,-52.3933165,8.38,146.03
-28.2807065,-52.393313833333,8.30,145.94
-28.280710166667,-52.393311166667,8.58,146.19
-28.280713666667,-52.3933085,8.64,146.26
-28.280717166667,-52.393306,8.23,146.35
-28.280720833333,-52.393303333333,8.58,146.35
-28.280724333333,-52.393300666667,8.57,146.29
-28.280727833333,-52.393298,8.24,146.37
-28.280731166667,-52.393295333333,8.20,145.54
-28.2807345,-52.3932925,8.43,145.61
-28.280738,-52.393289833333,8.39,145.56
-28.2807415,-52.393287166667,8.33,145.56
-28.280745,-52.3932845,8.34,145.96
-28.2807485,-52.393281833333,8.36,145.67
-28.280752,-52.393279166667,8.29,146.11
-28.2807555,-52.3932765,8.52,145.63
-28.280758833333,-52.393273833333,8.21,145.87
-28.2807625,-52.393271166667,8.42,146.24
-28.280766,-52.393268666667,8.76,146.28
-28.2807695,-52.393266,8.00,146.33
-28.280773,-52.3932635,8.11,146.37
-28.280776333333,-52.393261,8.08,146.86
-28.280779833333,-52.3932585,8.22,146.84
-28.280783333333,-52.393256,8.02,146.96
-28.280786666667,-52.3932535,7.98,146.85
-28.28079,-52.393251166667,7.93,146.93
-28.2807935,-52.393248666667,8.05,147.17
-28.280796833333,-52.393246166667,8.22,147.27
-28.280800333333,-52.393243833333,7.98,147.77
-28.280803833333,-52.393241666667,7.57,148.18
-28.280807,-52.3932395,7.55,148.44
-28.280810333333,-52.393237166667,7.60,148.81
-28.280813666667,-52.393235,7.73,148.52
-28.280817,-52.393232666667,7.69,148.58
-28.2808205,-52.3932305,7.62,149.29
-28.280823833333,-52.393228333333,7.45,149.51
-28.280827,-52.393226333333,7.14,149.87
-28.280830166667,-52.393224333333,7.30,150.25
-28.2808335,-52.393222333333,7.35,150.42
-28.280836833333,-52.393220166667,7.43,150.68
-28.280839833333,-52.393218166667,7.01,150.57
-28.280842833333,-52.393216,6.75,149.29
-28.2808455,-52.393213666667,6.66,147.95
-28.280848,-52.393211166667,6.50,145.64
-28.280850333333,-52.3932085,6.76,142.72
-28.280852333333,-52.3932055,6.59,139.29
-28.280854,-52.393202333333,6.63,135.02
-28.2808555,-52.393198833333,6.69,130.97
-28.2808565,-52.393195333333,7.01,126.33
-28.2808575,-52.393191333333,7.30,121.97
-28.280858,-52.393187333333,7.15,116.79
-28.280858166667,-52.3931835,6.95,111.68
-28.280858166667,-52.393179333333,7.26,107.39
-28.280857833333,-52.393175333333,7.33,102.80
-28.280857166667,-52.393171166667,7.23,97.70
-28.280856166667,-52.393167166667,7.36,93.28
-28.280855166667,-52.393163166667,7.15,88.35
-28.280853833333,-52.393159166667,7.36,84.23
-28.280852166667,-52.3931555,7.26,78.81
-28.280850166667,-52.393152166667,6.81,73.66
-28.280847666667,-52.393149,7.55,68.14
-28.280845333333,-52.393146166667,6.70,63.19
-28.280842666667,-52.393143666667,6.74,58.01
-28.280839833333,-52.3931415,7.02,53.35
-28.280836833333,-52.393139166667,7.63,48.89
-28.2808335,-52.393137166667,7.56,43.87
-28.280830166667,-52.3931355,7.19,39.71
-28.280826833333,-52.393134166667,7.30,35.06
-28.280823333333,-52.393133166667,7.37,29.79
-28.280819666667,-52.393132666667,7.01,25.22
-28.280816,-52.3931325,7.23,20.42
-28.2808125,-52.3931325,7.48,15.76
-28.280808833333,-52.393133,7.14,10.92
-28.280805333333,-52.393133666667,7.36,5.96
-28.280802,-52.393134833333,6.92,1.30
-28.280798833333,-52.393136,6.90,-3.05
-28.2807955,-52.393137333333,6.89,-6.08
-28.280792166667,-52.393138833333,6.95,-9.14
-28.280789,-52.393140333333,6.93,-11.70
-28.280785833333,-52.393141833333,6.98,-14.33
-28.280782833333,-52.393143666667,6.87,-16.45
-28.280779666667,-52.393145333333,6.96,-18.07
-28.2807765,-52.393147166667,7.03,-19.49
-28.280773333333,-52.393149166667,7.02,-21.51
-28.280770333333,-52.393151,6.61,-22.14
-28.280767166667,-52.393152666667,7.27,-22.99
-28.280764,-52.393154666667,7.30,-24.06
-28.280760833333,-52.393156666667,6.71,-24.65
-28.280757666667,-52.393158666667,7.46,-25.89
-28.280754666667,-52.393161,7.45,-27.21
-28.2807515,-52.393163,6.47,-27.35
-28.2807485,-52.393165,7.17,-27.63
-28.280745333333,-52.393167166667,7.94,-28.79
-28.280742,-52.393169666667,7.23,-28.99
-28.280738833333,-52.393171833333,7.14,-29.13
-28.280735666667,-52.393174166667,7.97,-29.54
-28.280732333333,-52.3931765,7.42,-29.52
-28.280729,-52.393178666667,8.05,-30.11
-28.280725666667,-52.393181,7.15,-29.99
-28.280722333333,-52.393183166667,7.38,-29.98
-28.280719166667,-52.3931855,7.74,-30.50
-28.280715833333,-52.393187833333,7.22,-30.00
-28.280712666667,-52.39319,7.69,-30.59
-28.280709666667,-52.393192666667,7.61,-32.43
-28.2807065,-52.393195333333,7.60,-32.74
-28.2807035,-52.393198,7.71,-34.16
-28.2807005,-52.393200833333,7.57,-34.73
-28.280697666667,-52.3932035,7.42,-35.38
-28.280694666667,-52.393206166667,7.65,-35.89
-28.280691833333,-52.393209,7.72,-36.66
-28.280689,-52.393211833333,7.61,-37.44
-28.280686166667,-52.393214666667,7.45,-38.14
-28.2806835,-52.3932175,7.18,-37.97
-28.2806805,-52.393220333333,8.37,-38.43
-28.2806775,-52.393223333333,8.01,-38.33
-28.2806745,-52.393226333333,7.97,-38.96
-28.2806715,-52.3932295,8.21,-39.29
-28.2806685,-52.3932325,8.01,-39.21
-28.280665333333,-52.393235333333,8.33,-39.05
-28.280662166667,-52.393238333333,8.01,-38.97
-28.280659166667,-52.393241,7.83,-38.24
-28.280656,-52.393243833333,8.36,-38.01
-28.2806525,-52.3932465,8.17,-36.63
-28.280649166667,-52.393248833333,7.89,-35.32
-28.280645666667,-52.393251166667,8.47,-34.69
-28.280642166667,-52.393253666667,8.21,-33.49
-28.280638666667,-52.393256,8.03,-32.86
-28.280635,-52.393258333333,8.34,-32.14
-28.2806315,-52.393260666667,8.16,-31.42
-28.280627833333,-52.393263,8.22,-31.07
-28.280624333333,-52.393265333333,8.34,-30.97
-28.280620833333,-52.393267833333,8.14,-30.99
-28.280617333333,-52.393270333333,8.15,-30.81
-28.280613833333,-52.393272666667,8.27,-31.12
-28.280610333333,-52.393275333333,7.94,-31.49
-28.280607,-52.393277833333,8.55,-31.91
-28.2806035,-52.3932805,8.06,-32.47
-28.280600166667,-52.393283,8.21,-32.28
-28.280596833333,-52.3932855,8.13,-32.67
-28.280593333333,-52.393288,8.08,-32.40
-28.28059,-52.393290666667,8.51,-33.08
-28.2805865,-52.393293166667,8.03,-32.48
-28.280583,-52.3932955,8.39,-31.78
-28.280579333333,-52.393298166667,8.39,-32.43
-28.280576,-52.393300833333,8.34,-32.91
-28.280572666667,-52.3933035,8.07,-33.20
-28.280569333333,-52.393306166667,8.41,-33.17
-28.280565666667,-52.393308666667,8.51,-33.18
-28.280562333333,-52.3933115,8.21,-33.56
-28.280559,-52.393314166667,8.07,-33.63
-28.280555666667,-52.393316833333,8.29,-33.96
-28.280552166667,-52.3933195,8.54,-34.00
-28.280548666667,-52.393322166667,8.20,-33.65
-28.2805455,-52.393324833333,8.19,-34.54
-28.280542166667,-52.393327666667,8.09,-35.16
-28.280539,-52.393330333333,7.98,-34.97
-28.2805355,-52.393333,8.67,-34.62
-28.280532,-52.393335666667,8.17,-34.44
-28.280528833333,-52.393338166667,7.84,-34.32
-28.2805255,-52.393340833333,8.30,-34.84
-28.280522166667,-52.3933435,8.27,-34.46
-28.280518666667,-52.393346,8.25,-33.57
-28.280515166667,-52.3933485,8.47,-34.30
-28.280511833333,-52.393351333333,8.10,-33.94
-28.280508333333,-52.393353666667,8.10,-33.18
-28.280504833333,-52.393356,8.40,-32.79
-28.280501333333,-52.3933585,8.08,-32.99
-28.280498,-52.393361,8.17,-32.83
-28.2804945,-52.3933635,8.21,-32.43
-28.280490833333,-52.393365833333,8.39,-31.92
-28.280487333333,-52.393368333333,8.23,-32.28
-28.280484,-52.393370833333,8.28,-32.40
-28.2804805,-52.393373666667,8.48,-33.31
-28.280477,-52.393376166667,8.06,-32.77
-28.280473666667,-52.393378833333,7.99,-33.43
-28.280470333333,-52.3933815,8.49,-33.52
-28.280466833333,-52.393384,8.42,-33.32
-28.280463333333,-52.393386666667,8.28,-33.41
-28.28046,-52.393389333333,8.19,-33.80
-28.2804565,-52.393392166667,8.63,-34.14
-28.280453166667,-52.393394833333,8.35,-34.36
-28.280449666667,-52.3933975,8.39,-33.95
-28.280446166667,-52.393400166667,8.73,-34.46
-28.280442833333,-52.393403,8.12,-34.67
-28.2804395,-52.393405833333,8.25,-35.11
-28.280436,-52.393408666667,8.67,-35.22
-28.280432666667,-52.393411333333,8.31,-34.90
-28.280429166667,-52.393414166667,8.60,-35.38
-28.280425833333,-52.393417,8.49,-35.57
-28.280422333333,-52.393419833333,8.45,-35.71
-28.280419,-52.393422666667,8.61,-35.74
-28.2804155,-52.393425666667,8.69,-35.85
-28.280412166667,-52.3934285,8.31,-36.17
-28.280408833333,-52.393431333333,8.61,-36.75
-28.280405333333,-52.393434333333,8.45,-36.57
-28.280402,-52.393437333333,8.45,-37.17
-28.280398666667,-52.393440333333,8.55,-37.38
-28.280395333333,-52.393443,8.11,-36.42
-28.280391833333,-52.393445666667,9.00,-36.52
-28.280388333333,-52.393448666667,8.49,-36.74
-28.280385166667,-52.393451666667,8.22,-37.10
-28.280381833333,-52.393454666667,8.94,-37.53
-28.2803785,-52.393457666667,7.96,-37.50
-28.280375166667,-52.3934605,8.54,-37.55
-28.280372,-52.393463833333,8.84,-38.71
-28.280368666667,-52.393467,8.59,-39.09
-28.2803655,-52.393470166667,8.47,-39.26
-28.280362333333,-52.393473166667,7.87,-39.58
-28.280359333333,-52.393476333333,8.62,-40.04
-28.280356,-52.3934795,8.58,-40.18
-28.280353,-52.393482833333,8.00,-40.79
-28.28035,-52.393486,8.63,-41.03
-28.280346833333,-52.393489333333,8.68,-41.45
-28.280343666667,-52.3934925,8.34,-41.52
-28.2803405,-52.393495666667,8.42,-41.22
-28.280337333333,-52.393498833333,8.46,-41.33
-28.280334166667,-52.393502,8.41,-41.25
-28.280331,-52.393505166667,8.47,-41.31
-28.280327833333,-52.393508333333,8.45,-41.25
-28.280324666667,-52.3935115,8.53,-41.28
-28.2803215,-52.393514666667,8.72,-40.87
-28.280318,-52.393517833333,8.80,-40.29
-28.280314666667,-52.393520833333,8.46,-40.09
-28.2803115,-52.393523833333,8.06,-39.68
-28.280308333333,-52.393526833333,8.54,-39.73
-28.280305,-52.393529833333,8.62,-39.47
-28.280301666667,-52.393532833333,8.62,-38.81
-28.280298333333,-52.393536,8.63,-39.02
-28.280295,-52.393539,8.60,-39.30
-28.280291666667,-52.393542166667,8.50,-38.76
-28.280288333333,-52.393545166667,8.70,-39.14
-28.280285,-52.393548333333,8.54,-38.87
-28.280281833333,-52.393551333333,8.15,-39.31
-28.280278666667,-52.3935545,8.65,-39.55
-28.280275333333,-52.3935575,8.51,-39.39
-28.280272,-52.3935605,8.42,-39.03
-28.280268833333,-52.393563666667,8.67,-39.62
-28.2802655,-52.393566833333,8.57,-39.28
-28.280262166667,-52.393569833333,8.78,-38.90
-28.280258666667,-52.393572833333,8.72,-38.78
-28.280255166667,-52.393575833333,8.55,-38.87
-28.280252,-52.393579,8.43,-38.90
-28.2802485,-52.393582,8.79,-38.69
-28.280245166667,-52.393585,8.53,-38.67
-28.280241833333,-52.393588,8.45,-38.41
-28.280238333333,-52.393591,8.90,-38.52
-28.280235,-52.393594166667,8.71,-39.13
-28.280231833333,-52.393597333333,8.20,-38.66
-28.2802285,-52.393600166667,8.78,-38.68
-28.280225,-52.393603333333,8.65,-38.84
-28.280221666667,-52.3936065,8.63,-38.84
-28.2802185,-52.393609666667,8.82,-39.61
-28.280215166667,-52.393613,8.55,-40.17
-28.280212,-52.393616166667,8.29,-39.95
-28.280208666667,-52.393619333333,8.85,-40.05
-28.2802055,-52.3936225,8.33,-40.67
-28.2802025,-52.393625666667,8.13,-40.84
-28.280199333333,-52.393629,8.85,-41.48
-28.280196333333,-52.3936325,8.46,-41.86
-28.280193,-52.393635666667,8.82,-41.39
-28.280189833333,-52.393639,8.42,-41.93
-28.280186833333,-52.393642333333,8.68,-42.66
-28.280183666667,-52.393645666667,8.51,-42.39
-28.2801805,-52.393649,8.40,-42.47
-28.280177333333,-52.393652333333,8.80,-42.34
-28.280174166667,-52.3936555,8.59,-42.33
-28.280171166667,-52.393659,8.29,-43.02
-28.280168166667,-52.393662166667,8.75,-42.66
-28.280164833333,-52.393665333333,8.49,-41.57
-28.2801615,-52.3936685,8.69,-41.53
-28.280158166667,-52.393671666667,8.51,-40.91
-28.280155,-52.393674666667,8.26,-40.60
-28.280151666667,-52.393677666667,8.80,-40.79
-28.2801485,-52.393681,8.71,-40.84
-28.280145166667,-52.393684166667,8.50,-40.46
-28.280141833333,-52.393687166667,8.25,-40.19
-28.280138666667,-52.393690333333,8.90,-40.59
-28.280135333333,-52.3936935,8.23,-40.42
-28.280132166667,-52.393696666667,8.54,-40.38
-28.280128833333,-52.393699833333,8.81,-40.47
-28.280125333333,-52.393702833333,8.54,-39.76
-28.280122,-52.393705833333,8.64,-39.67
-28.280118666667,-52.393708833333,8.43,-39.67
-28.280115333333,-52.393712,9.07,-39.64
-28.280111833333,-52.393715,8.57,-38.80
-28.280108333333,-52.393717833333,8.21,-38.23
-28.280104833333,-52.393720666667,8.71,-37.56
-28.280101333333,-52.3937235,8.59,-37.23
-28.280097833333,-52.393726333333,8.41,-36.59
-28.280094166667,-52.393729166667,9.08,-36.45
-28.280090666667,-52.393732,8.47,-36.47
-28.280087333333,-52.393734833333,8.21,-36.46
-28.280084,-52.393737666667,8.91,-36.49
-28.2800805,-52.393740666667,8.62,-36.65
-28.280076833333,-52.3937435,8.86,-36.05
-28.280073333333,-52.3937465,8.55,-36.72
-28.280070166667,-52.3937495,8.27,-36.98
-28.280066833333,-52.3937525,8.67,-37.11
-28.280063333333,-52.3937555,8.70,-37.25
-28.28006,-52.3937585,8.26,-37.65
-28.280057,-52.393761666667,8.54,-38.82
-28.280053666667,-52.393765,8.62,-39.18
-28.2800505,-52.393768166667,8.99,-39.54
-28.280047166667,-52.3937715,8.56,-39.54
-28.280044,-52.3937745,7.98,-39.59
-28.280041,-52.393777666667,8.48,-40.50
-28.280037666667,-52.393781,9.16,-40.50
-28.280034333333,-52.393784333333,8.58,-41.15
-28.280031333333,-52.393787666667,8.38,-41.64
-28.280028333333,-52.393791166667,8.75,-42.64
-28.280025166667,-52.393794666667,8.67,-42.81
-28.280022166667,-52.393798,8.48,-42.91
-28.280019,-52.393801333333,8.66,-43.11
-28.280015833333,-52.393804833333,8.79,-43.05
-28.280012833333,-52.393808166667,8.42,-43.30
-28.280009833333,-52.3938115,8.34,-43.30
-28.280006666667,-52.393814666667,8.44,-42.97
-28.2800035,-52.393818166667,9.09,-43.33
-28.280000333333,-52.3938215,8.60,-42.98
-28.279997166667,-52.393824833333,8.78,-42.89
-28.279993833333,-52.393828166667,8.72,-42.63
-28.279990666667,-52.393831333333,8.17,-42.12
-28.2799875,-52.393834666667,8.84,-42.12
-28.279984166667,-52.393838,8.70,-42.12
-28.279981,-52.393841333333,8.53,-42.42
-28.279978,-52.393844833333,8.93,-43.03
-28.279974833333,-52.3938485,9.20,-43.46
-28.279971666667,-52.393851833333,8.25,-42.94
-28.279968333333,-52.393855,8.82,-42.56
-28.279965166667,-52.393858333333,8.39,-42.31
-28.279962,-52.393861666667,8.63,-42.64
-28.279959,-52.393865,8.57,-43.37
-28.279955833333,-52.3938685,8.59,-42.99
-28.279952666667,-52.393871666667,8.43,-42.11
-28.279949333333,-52.393874666667,8.71,-41.89
-28.279946333333,-52.393877833333,8.14,-42.14
-28.279943333333,-52.393881166667,8.25,-42.30
-28.279940166667,-52.393884333333,8.73,-42.28
-28.279936833333,-52.393887333333,7.97,-41.04
-28.2799335,-52.393890333333,8.89,-40.83
-28.279930166667,-52.393893333333,8.32,-40.30
-28.279927,-52.393896333333,8.20,-40.18
-28.279923666667,-52.3938995,8.96,-40.25
-28.279920166667,-52.393902666667,8.41,-39.92
-28.279917,-52.393905666667,8.58,-40.06
-28.279913666667,-52.393908833333,8.36,-40.24
-28.2799105,-52.393911833333,8.71,-39.91
-28.279907166667,-52.393915,8.18,-40.27
-28.279904,-52.393918166667,8.64,-40.18
-28.279900333333,-52.393921333333,9.23,-39.52
-28.279896666667,-52.393924166667,8.78,-38.69
-28.279893166667,-52.393927,8.08,-38.01
-28.279889666667,-52.393929833333,8.77,-37.48
-28.279886166667,-52.3939325,8.37,-36.27
-28.2798825,-52.393935,8.31,-35.11
-28.279879,-52.393937833333,8.78,-35.94
-28.2798755,-52.393940666667,8.69,-35.05
-28.279871666667,-52.393943166667,8.77,-34.71
-28.279868,-52.393945833333,8.83,-33.97
-28.279864333333,-52.393948333333,8.42,-33.56
-28.279860666667,-52.393951166667,8.92,-33.95
-28.279857166667,-52.393954,8.55,-34.55
-28.279853833333,-52.393957,8.15,-35.27
-28.2798505,-52.393959833333,8.74,-36.02
-28.279847,-52.393962833333,8.25,-36.69
-28.279843833333,-52.393966,8.60,-37.73
-28.279840666667,-52.393969333333,8.88,-38.90
-28.279837166667,-52.393972333333,8.36,-38.03
-28.279833666667,-52.393975166667,8.78,-37.84
-28.279830166667,-52.393978166667,8.87,-37.54
-28.279826666667,-52.393981166667,8.29,-37.60
-28.279823333333,-52.393984166667,8.72,-37.95
-28.279819833333,-52.393987333333,8.93,-37.93
-28.279816333333,-52.393990166667,8.59,-37.55
-28.279812833333,-52.393993166667,8.87,-37.35
-28.279809333333,-52.393996166667,8.89,-37.31
-28.279805666667,-52.393999,8.27,-36.79
-28.279802333333,-52.394002,8.86,-37.66
-28.279799,-52.394005333333,8.33,-38.54
-28.279795666667,-52.394008166667,8.42,-37.82
-28.279792333333,-52.394011,8.33,-38.02
-28.279788833333,-52.394014,8.92,-37.64
-28.279785333333,-52.394017166667,9.08,-37.91
-28.279781833333,-52.394020333333,8.55,-38.28
-28.279778333333,-52.394023166667,8.97,-37.05
-28.279774833333,-52.394026,8.24,-37.34
-28.2797715,-52.394029,8.23,-37.61
-28.279768166667,-52.394032,8.72,-38.05
-28.279764833333,-52.394035,8.33,-38.21
-28.279761333333,-52.394037833333,8.65,-37.28
-28.279757833333,-52.394040666667,8.66,-37.16
-28.2797545,-52.394043666667,8.51,-37.37
-28.279751,-52.3940465,8.55,-36.73
-28.2797475,-52.394049333333,8.63,-36.33
-28.279744,-52.394052166667,8.28,-36.60
-28.279741,-52.394055166667,7.94,-37.43
-28.279737666667,-52.394058166667,8.75,-37.66
-28.279734166667,-52.394060833333,8.64,-36.54
-28.2797305,-52.394063333333,8.19,-35.48
-28.279727,-52.394066,8.78,-35.17
-28.279723333333,-52.394068666667,8.63,-34.89
-28.279719666667,-52.3940715,8.67,-35.05
-28.279716166667,-52.394074333333,8.98,-34.94
-28.2797125,-52.394077,8.39,-34.64
-28.279709,-52.394079833333,8.95,-34.93
-28.2797055,-52.394082666667,8.20,-34.65
-28.279702,-52.394085333333,8.35,-34.76
-28.279698666667,-52.394088,7.99,-35.19
-28.2796955,-52.394090666667,8.27,-35.34
-28.279692,-52.394093333333,7.99,-35.06
-28.279688666667,-52.394095833333,8.05,-34.42
-28.279685333333,-52.3940985,8.54,-34.88
-28.279681833333,-52.394101166667,8.12,-34.91
-28.2796785,-52.394103833333,8.48,-34.71
-28.279675,-52.3941065,8.50,-34.42
-28.2796715,-52.394109166667,7.98,-34.62
-28.279668166667,-52.394111833333,8.25,-34.75
-28.279664833333,-52.3941145,8.27,-35.04
-28.2796615,-52.394117333333,8.48,-35.69
-28.279658166667,-52.394120333333,8.34,-35.68
-28.279654666667,-52.394123166667,8.77,-36.23
-28.279651166667,-52.394126166667,8.80,-36.07
-28.279647666667,-52.394129,8.11,-35.78
-28.279644333333,-52.394131666667,8.26,-35.83
-28.279641,-52.3941345,8.32,-36.04
-28.279637666667,-52.394137166667,8.35,-35.83
-28.279634166667,-52.394140166667,8.81,-36.29
-28.2796305,-52.394143,8.46,-35.55
-28.279627,-52.3941455,8.36,-34.94
-28.279623333333,-52.394148,8.44,-34.42
-28.279619833333,-52.3941505,7.82,-33.44
-28.279616166667,-52.3941525,8.51,-31.83
-28.279612166667,-52.394154333333,8.45,-29.39
-28.279608333333,-52.394155666667,7.49,-26.27
-28.2796045,-52.394156333333,7.61,-22.67
-28.279600833333,-52.394157,7.16,-19.48
-28.279597166667,-52.394157333333,7.49,-16.52
-28.279593333333,-52.394157166667,7.42,-11.64
-28.2795895,-52.394156333333,7.86,-7.03
-28.279585666667,-52.394155166667,7.70,-1.92
-28.279581833333,-52.3941535,8.94,2.92
-28.279578166667,-52.394151333333,7.57,8.93
-28.279575166667,-52.394148833333,7.68,14.79
-28.279572166667,-52.394145833333,7.69,20.85
-28.2795695,-52.394142833333,7.35,26.62
-28.279567333333,-52.394139833333,6.32,31.79
-28.279565666667,-52.3941365,7.03,37.56
-28.279564,-52.394133,7.14,42.40
-28.279562666667,-52.394129333333,6.74,47.50
-28.279561833333,-52.394125833333,6.27,53.12
-28.279561166667,-52.3941225,5.81,57.01
-28.279560666667,-52.394119166667,6.39,62.99
-28.279560666667,-52.394115333333,6.49,67.88
-28.279560666667,-52.394111833333,5.91,71.59
-28.279560833333,-52.394108333333,6.49,76.65
-28.279561333333,-52.394104666667,6.47,81.31
-28.279562166667,-52.394101,6.51,86.10
-28.279563,-52.394097333333,6.65,90.79
-28.279564166667,-52.394094166667,5.73,94.60
-28.279565166667,-52.394091,6.08,97.62
-28.2795665,-52.394087833333,6.36,101.69
-28.279568,-52.3940845,6.79,103.91
-28.2795695,-52.394081166667,6.38,107.21
-28.279571333333,-52.394078166667,6.55,112.14
-28.2795735,-52.3940755,6.03,115.47
-28.2795755,-52.394072833333,5.99,119.46
-28.279577666667,-52.3940705,5.74,122.88
-28.279579833333,-52.394068333333,5.66,124.96
-28.279581833333,-52.394066166667,5.53,127.35
-28.279584,-52.394064,5.88,129.99
-28.279586333333,-52.394062166667,5.19,133.27
-28.279588666667,-52.3940605,5.68,135.49
-28.279591166667,-52.394058666667,6.04,138.02
-28.279594,-52.394057,6.40,140.80
-28.2795965,-52.394055166667,5.94,142.11
-28.279599,-52.394053666667,5.48,144.08
-28.279601666667,-52.394052,6.13,145.71
-28.2796045,-52.394050333333,6.48,147.06
-28.279607333333,-52.394048666667,6.36,147.65
-28.27961,-52.394046833333,6.08,147.36
-28.279612666667,-52.394045,6.57,147.60
-28.2796155,-52.394043,6.49,147.26
-28.279618166667,-52.394040666667,7.06,146.44
-28.279621,-52.3940385,6.40,145.67
-28.279623666667,-52.394036166667,7.20,145.80
-28.279626666667,-52.394033833333,7.43,145.90
-28.279629666667,-52.394031333333,7.28,145.10
-28.2796325,-52.394029,7.03,145.00
-28.2796355,-52.394026666667,7.27,145.20
-28.279638666667,-52.3940245,7.71,145.73
-28.279641666667,-52.394022333333,6.98,145.22
-28.2796445,-52.394019833333,7.29,144.87
-28.279647333333,-52.3940175,7.01,144.68
-28.2796505,-52.394015166667,7.65,144.85
-28.279653666667,-52.394013,7.71,145.44
-28.279656666667,-52.394010833333,6.73,145.72
-28.279659666667,-52.3940085,7.72,145.52
-28.279662833333,-52.394006166667,7.45,145.40
-28.279665833333,-52.394003833333,7.33,145.50
-28.279668833333,-52.3940015,7.14,145.49
-28.279671833333,-52.393999166667,7.61,145.25
-28.279675,-52.3939965,7.69,144.68
-28.279677833333,-52.393994,7.46,144.14
-28.279680833333,-52.393991333333,7.49,143.20
-28.279683833333,-52.3939885,7.98,143.09
-28.279686833333,-52.393985833333,7.67,142.64
-28.279689833333,-52.393983,7.98,142.02
-28.279692833333,-52.39398,7.94,141.31
-28.279695833333,-52.393977166667,7.58,141.11
-28.279698833333,-52.393974333333,8.05,140.85
-28.279701666667,-52.393971666667,7.25,140.82
-28.279704666667,-52.393969,8.20,141.38
-28.279708,-52.393966333333,8.06,142.17
-28.279711333333,-52.393963666667,8.41,142.59
-28.279714833333,-52.393961,8.66,143.69
-28.279718333333,-52.3939585,8.04,143.76
-28.279721666667,-52.393955666667,8.45,144.38
-28.279725,-52.393953,7.88,143.84
-28.279728166667,-52.393950333333,8.01,143.65
-28.279731333333,-52.3939475,8.25,143.24
-28.2797345,-52.393944666667,7.89,142.65
-28.2797375,-52.393941666667,7.91,141.47
-28.2797405,-52.3939385,8.18,140.53
-28.2797435,-52.3939355,8.05,140.11
-28.2797465,-52.3939325,8.24,140.09
-28.279749666667,-52.3939295,8.07,139.60
-28.2797525,-52.3939265,7.80,138.98
-28.2797555,-52.3939235,8.15,138.71
-28.279758666667,-52.393920333333,8.57,138.74
-28.279761833333,-52.393917333333,7.95,139.00
-28.279765166667,-52.3939145,8.32,139.86
-28.279768666667,-52.3939115,8.37,140.01
-28.279772,-52.3939085,8.33,140.20
-28.279775333333,-52.3939055,8.52,140.49
-28.279778833333,-52.393902333333,8.89,140.37
-28.279782166667,-52.393899,8.35,140.04
-28.2797855,-52.393896,8.50,140.31
-28.279789,-52.393892833333,8.65,140.63
-28.279792333333,-52.393889833333,7.97,141.05
-28.279795833333,-52.393886833333,8.70,141.12
-28.279799333333,-52.393883833333,8.24,141.17
-28.279802666667,-52.393880666667,8.45,141.19
-28.279806166667,-52.393877833333,8.37,142.21
-28.279809833333,-52.393875,8.51,143.30
-28.2798135,-52.393872166667,8.60,143.36
-28.279817,-52.393869333333,8.37,143.52
-28.279820666667,-52.3938665,8.54,143.98
-28.279824333333,-52.393863666667,8.49,144.02
-28.279828,-52.393860833333,8.83,144.63
-28.279831666667,-52.393858,8.50,144.56
-28.279835333333,-52.393855,8.66,143.98
-28.279838666667,-52.393852,8.62,143.67
-28.279842,-52.393849,8.16,143.32
-28.2798455,-52.393846166667,8.40,143.68
-28.279849,-52.393843333333,8.74,143.09
-28.279852333333,-52.393840333333,8.08,142.66
-28.2798555,-52.3938375,8.18,142.33
-28.279858833333,-52.393834666667,8.19,142.77
-28.2798625,-52.393831666667,8.90,142.55
-28.279865833333,-52.393828666667,8.02,142.60
-28.279869333333,-52.393825833333,8.50,142.56
-28.279872666667,-52.393822833333,8.54,142.14
-28.279876166667,-52.393819833333,8.45,142.31
-28.279879333333,-52.393817,7.91,142.09
-28.279882833333,-52.393814,8.90,141.87
-28.279886333333,-52.393810833333,8.67,141.90
-28.279889666667,-52.393807833333,8.22,141.53
-28.279893,-52.393804833333,8.67,141.69
-28.279896666667,-52.393802,8.51,142.40
-28.279900333333,-52.393799166667,8.92,142.89
-28.279903833333,-52.393796166667,8.80,143.00
-28.2799075,-52.393793166667,8.64,142.61
-28.279910833333,-52.393790166667,7.97,142.86
-28.279914166667,-52.3937875,8.27,143.36
-28.279917833333,-52.393784666667,9.08,143.92
-28.2799215,-52.393781666667,8.85,143.37
-28.279924666667,-52.393778666667,7.90,142.32
-28.279927833333,-52.393775666667,8.70,141.16
-28.279931,-52.393772333333,8.68,140.62
-28.2799345,-52.393769166667,8.79,140.47
-28.279938,-52.393765833333,9.64,139.95
-28.2799415,-52.393762333333,8.98,139.56
-28.279945166667,-52.393759,9.18,140.39
-28.279948833333,-52.393756,8.85,141.07
-28.279952333333,-52.393753166667,8.34,141.56
-28.279955833333,-52.393750166667,8.87,141.19
-28.279959166667,-52.393747,8.66,140.59
-28.279962166667,-52.393743833333,8.29,139.47
-28.279965333333,-52.3937405,8.99,139.03
-28.279968666667,-52.393737166667,8.85,138.39
-28.279971833333,-52.393733666667,8.67,138.18
-28.279975,-52.393730333333,8.80,137.34
-28.279978166667,-52.393726833333,8.94,136.80
-28.279981166667,-52.393723333333,8.68,136.49
-28.279984333333,-52.393719833333,9.19,136.26
-28.2799875,-52.393716333333,8.77,135.82
-28.2799905,-52.393712666667,8.93,135.10
-28.2799935,-52.393709166667,8.81,134.75
-28.279996666667,-52.393705666667,8.90,135.02
-28.279999833333,-52.393702333333,8.90,135.45
-28.280003166667,-52.393698833333,9.43,135.86
-28.280006666667,-52.393695333333,9.36,136.23
-28.28001,-52.393691833333,9.01,136.34
-28.280013166667,-52.393688333333,8.64,136.59
-28.2800165,-52.393685166667,8.82,137.13
-28.280019833333,-52.393681833333,9.22,137.10
-28.280023,-52.393678833333,7.77,138.11
-28.280026333333,-52.393675833333,8.75,138.28
-28.2800295,-52.393672666667,8.84,138.42
-28.280033,-52.3936695,8.95,138.94
-28.2800365,-52.3936665,8.66,139.38
-28.28004,-52.393663166667,9.58,139.94
-28.280043666667,-52.39366,8.91,140.11
-28.280047,-52.393657,8.31,139.98
-28.280050333333,-52.393653666667,8.97,139.53
-28.280053666667,-52.393650333333,9.20,139.57
-28.280057,-52.393647166667,8.65,139.22
-28.280060333333,-52.393643833333,9.03,139.05
-28.2800635,-52.3936405,8.68,138.53
-28.280066833333,-52.393637333333,8.88,138.48
-28.280070166667,-52.393634,8.97,138.51
-28.2800735,-52.393630666667,8.77,138.24
-28.280076666667,-52.393627333333,8.80,138.04
-28.280080166667,-52.393624166667,8.97,138.71
-28.2800835,-52.393621,8.40,139.19
-28.280087,-52.393617833333,9.55,139.16
-28.280090333333,-52.3936145,8.72,138.72
-28.280093666667,-52.393611,8.92,138.31
-28.280097,-52.393607666667,8.98,138.75
-28.2801005,-52.3936045,8.95,139.43
-28.280104,-52.393601166667,9.42,139.28
-28.280107333333,-52.393597833333,7.80,138.92
-28.2801105,-52.3935945,8.98,138.54
-28.280114,-52.393591,8.68,138.87
-28.280117333333,-52.393588,8.96,139.35
-28.280120833333,-52.393584833333,8.63,139.60
-28.280124333333,-52.393581833333,8.73,140.39
-28.280127666667,-52.393578833333,8.57,140.32
-28.280131,-52.393575666667,8.73,140.41
-28.280134333333,-52.393572666667,8.19,140.53
-28.2801375,-52.393569666667,8.54,139.83
-28.280140333333,-52.393566333333,8.06,139.20
-28.2801435,-52.393563166667,8.90,138.85
-28.280146833333,-52.39356,8.48,139.07
-28.28015,-52.393556833333,8.62,139.41
-28.280153166667,-52.393553666667,8.38,138.57
-28.280156166667,-52.3935505,8.22,138.21
-28.280159333333,-52.393547333333,8.77,138.39
-28.280162666667,-52.393544166667,8.91,138.96
-28.280166,-52.393541,8.71,138.68
-28.280169166667,-52.3935375,8.74,138.05
-28.280172333333,-52.393534166667,8.57,137.93
-28.280175333333,-52.393531,8.27,137.40
-28.280178333333,-52.393527666667,8.16,137.17
-28.280181666667,-52.3935245,9.21,137.90
-28.280185,-52.393521333333,8.22,138.49
-28.280188166667,-52.393518166667,8.55,137.89
-28.280191333333,-52.393514833333,8.77,137.59
-28.280194333333,-52.3935115,8.47,137.58
-28.280197666667,-52.393508333333,8.60,138.43
-28.280200833333,-52.393505333333,8.63,138.33
-28.280203833333,-52.393502,8.25,137.95
-28.280207,-52.393498833333,8.60,138.18
-28.280210333333,-52.393495666667,8.28,138.60
-28.2802135,-52.393492666667,8.37,138.54
-28.280216666667,-52.3934895,8.83,138.52
-28.280219833333,-52.393486166667,8.67,138.05
-28.280223,-52.393482833333,8.33,137.95
-28.280226166667,-52.393479666667,8.55,137.35
-28.280229166667,-52.393476333333,8.43,137.50
-28.280232333333,-52.393473166667,8.52,137.71
-28.2802355,-52.39347,8.47,137.58
-28.280238666667,-52.393466666667,8.66,137.40
-28.280241833333,-52.3934635,8.45,137.82
-28.280245,-52.393460333333,8.57,138.22
-28.280248333333,-52.393457166667,8.55,138.37
-28.2802515,-52.393454,8.72,138.06
-28.280254833333,-52.393450666667,8.97,138.04
-28.280258166667,-52.393447333333,8.92,138.22
-28.2802615,-52.393444,8.98,138.68
-28.280264833333,-52.393440833333,8.40,138.69
-28.280268,-52.393437833333,8.36,138.76
-28.280271166667,-52.393434666667,8.76,138.89
-28.280274666667,-52.3934315,9.07,139.72
-28.280278166667,-52.393428666667,8.69,140.47
-28.2802815,-52.393425666667,8.61,140.55
-28.280285,-52.3934225,9.20,140.62
-28.280288666667,-52.393419333333,8.55,141.34
-28.280292,-52.3934165,8.67,141.30
-28.280295333333,-52.393413333333,8.60,141.26
-28.280298833333,-52.393410166667,8.83,140.91
-28.280302166667,-52.393407166667,8.54,141.44
-28.280305666667,-52.393404166667,8.77,141.25
-28.280309166667,-52.393401166667,8.70,141.44
-28.280312666667,-52.393398,8.74,141.42
-28.280316,-52.393394833333,8.89,141.24
-28.2803195,-52.393391833333,8.44,141.65
-28.280323,-52.393389,8.56,141.96
-28.2803265,-52.393385833333,8.88,141.61
-28.28033,-52.393382833333,8.33,141.91
-28.280333333333,-52.393379833333,8.52,141.46
-28.280336833333,-52.393376666667,8.79,141.94
-28.280340333333,-52.393373833333,8.50,141.75
-28.280343666667,-52.393370666667,8.48,141.49
-28.280347166667,-52.3933675,8.59,141.49
-28.280350666667,-52.3933645,8.54,141.70
-28.280354166667,-52.3933615,8.75,141.98
-28.280357833333,-52.393358666667,8.56,142.40
-28.280361333333,-52.393355666667,9.01,142.34
-28.280364833333,-52.393352666667,8.31,142.45
-28.280368333333,-52.393349666667,8.64,142.45
-28.280371833333,-52.393346666667,8.64,142.44
-28.280375166667,-52.393343666667,8.45,142.29
-28.2803785,-52.393340833333,8.36,142.34
-28.280382,-52.393337833333,8.69,142.70
-28.2803855,-52.393334833333,8.82,142.12
-28.280388833333,-52.393331833333,8.41,142.20
-28.280392333333,-52.393328833333,8.96,142.27
-28.280396,-52.393325666667,8.87,142.47
-28.2803995,-52.393322833333,8.55,142.83
-28.280403,-52.39332,8.56,142.84
-28.2804065,-52.393317,8.80,143.03
-28.280410166667,-52.393314166667,8.77,143.07
-28.280413833333,-52.393311333333,8.76,143.94
-28.2804175,-52.3933085,8.56,144.03
-28.280421166667,-52.393305833333,8.95,144.62
-28.280425,-52.393303,8.75,145.06
-28.2804285,-52.393300333333,8.58,145.00
-28.280432,-52.3932975,8.77,144.43
-28.280435666667,-52.3932945,8.73,144.89
-28.280439333333,-52.393292,8.59,145.59
-28.280443166667,-52.393289333333,9.03,146.03
-28.280447,-52.3932865,8.44,146.02
-28.2804505,-52.393283833333,8.83,146.05
-28.280454333333,-52.393281,8.91,146.35
-28.280458166667,-52.393278333333,9.04,146.64
-28.280462,-52.393275666667,8.72,147.03
-28.280465833333,-52.393273,8.73,146.92
-28.280469666667,-52.393270166667,8.87,147.05
-28.280473333333,-52.3932675,8.71,147.21
-28.280477166667,-52.393264833333,8.69,147.37
-28.280480833333,-52.393262166667,8.67,147.00
-28.2804845,-52.393259333333,8.59,146.63
-28.280488166667,-52.393256666667,8.85,147.00
-28.280492,-52.393253833333,8.98,147.14
-28.280495833333,-52.393251166667,8.85,147.08
-28.2804995,-52.393248333333,8.73,147.10
-28.280503166667,-52.393245666667,8.72,147.07
-28.280507,-52.393242833333,8.78,146.89
-28.2805105,-52.393240333333,8.27,146.98
-28.280514166667,-52.393237666667,8.66,147.11
-28.280518166667,-52.393235,9.04,147.30
-28.280521833333,-52.393232333333,8.82,147.11
-28.2805255,-52.3932295,8.70,146.70
-28.280529166667,-52.393226833333,8.38,146.64
-28.280532666667,-52.393224166667,8.45,146.76
-28.2805365,-52.3932215,8.84,146.87
-28.280540166667,-52.393219,8.49,147.27
-28.280543833333,-52.393216333333,8.79,147.11
-28.280547833333,-52.3932135,9.10,147.34
-28.280551666667,-52.393210833333,9.06,147.45
-28.280555666667,-52.393208166667,8.98,147.36
-28.2805595,-52.393205333333,8.80,147.65
-28.280563166667,-52.393202833333,8.73,147.51
-28.280566833333,-52.393200166667,8.45,147.70
-28.2805705,-52.3931975,8.69,147.41
-28.2805745,-52.393194833333,9.15,147.77
-28.2805785,-52.393192166667,9.08,148.30
-28.280582166667,-52.393189666667,8.62,148.32
-28.280586,-52.393186833333,9.22,147.70
-28.280589833333,-52.393183833333,9.06,147.39
-28.2805935,-52.393181166667,8.39,147.65
-28.280597166667,-52.3931785,8.96,147.21
-28.280600833333,-52.393175666667,8.78,147.29
-28.2806045,-52.393173,8.40,147.15
-28.280608333333,-52.393170333333,9.11,147.06
-28.280612166667,-52.3931675,9.07,147.60
-28.280616,-52.393164833333,8.60,147.37
-28.280619833333,-52.393162166667,8.96,147.44
-28.280623666667,-52.393159333333,9.31,146.97
-28.280627333333,-52.3931565,8.25,147.02
-28.280631166667,-52.393154,8.85,147.10
-28.280635,-52.393151166667,9.15,147.20
-28.280638833333,-52.3931485,8.59,147.69
-28.280642666667,-52.393146,8.93,147.63
-28.2806465,-52.393143333333,9.02,148.18
-28.2806505,-52.393140666667,8.90,148.44
-28.280654166667,-52.393138,8.68,147.82
-28.280658,-52.393135166667,9.23,147.86
-28.280661833333,-52.3931325,8.70,147.61
-28.2806655,-52.393129666667,8.78,147.26
-28.280669166667,-52.393126666667,8.97,146.40
-28.280672666667,-52.393123666667,9.01,146.26
-28.2806765,-52.393121,8.86,146.44
-28.280680166667,-52.393118166667,8.72,146.61
-28.280683833333,-52.3931155,8.77,146.32
-28.2806875,-52.3931125,8.99,145.78
-28.280691,-52.393109666667,8.40,145.68
-28.280694666667,-52.393106833333,8.97,145.61
-28.280698333333,-52.393103833333,8.82,145.68
-28.280702,-52.393101,8.94,145.23
-28.2807055,-52.393097833333,8.74,144.48
-28.280709,-52.393094833333,8.48,144.57
-28.2807125,-52.393092166667,8.48,144.33
-28.280716166667,-52.393089166667,8.56,144.27
-28.280719666667,-52.393086333333,8.58,144.41
-28.280723333333,-52.393083666667,8.77,144.77
-28.280727,-52.393080833333,8.57,144.69
-28.280730333333,-52.393077833333,8.50,144.06
-28.280733833333,-52.393075,8.48,144.23
-28.280737333333,-52.393072333333,8.20,144.41
-28.280740833333,-52.393069666667,7.93,144.79
-28.280744333333,-52.393067166667,8.48,145.11
-28.280747666667,-52.3930645,7.94,144.64
-28.280751,-52.393061666667,8.24,144.19
-28.280754333333,-52.393058666667,8.53,143.66
-28.280757833333,-52.393056,7.93,144.16
-28.280761166667,-52.393053333333,8.32,144.22
-28.280764666667,-52.3930505,8.17,143.92
-28.280767833333,-52.393047666667,8.02,143.02
-28.280771,-52.393044833333,8.05,142.57
-28.280774166667,-52.393041833333,7.87,141.84
-28.280777,-52.393038833333,7.85,140.47
-28.280779833333,-52.3930355,7.98,138.63
-28.2807825,-52.393032333333,8.00,137.63
-28.280785166667,-52.393028833333,8.26,135.76
-28.280787833333,-52.3930255,7.69,135.35
-28.280790166667,-52.393022,8.04,132.80
-28.280792,-52.393018166667,7.88,129.11
-28.280793666667,-52.3930145,7.03,127.48
-28.280795333333,-52.393011,6.74,125.70
-28.280796666667,-52.3930075,7.15,122.74
-28.280798,-52.393003833333,7.02,120.82
-28.280799166667,-52.392999833333,7.59,118.36
-28.280800333333,-52.392996,7.32,116.32
-28.2808015,-52.392992,7.31,114.53
-28.2808025,-52.392988,7.38,112.83
-28.280803166667,-52.392984,7.35,109.88
-28.280803666667,-52.39298,7.35,107.96
-28.280803666667,-52.392976,7.20,103.75
-28.280803333333,-52.392972,7.12,99.78
-28.280802833333,-52.392968,7.22,96.59
-28.280802333333,-52.392964166667,6.69,94.22
-28.280801666667,-52.3929605,6.60,89.88
-28.280800166667,-52.392956833333,6.94,85.32
-28.2807985,-52.3929535,7.08,80.31
-28.280796666667,-52.39295,6.80,76.41
-28.280795,-52.392947,5.73,73.75
-28.280793333333,-52.392944,6.11,70.82
-28.280791666667,-52.392941166667,6.16,67.18
-28.280789333333,-52.392938333333,6.61,63.11
-28.280786666667,-52.392935833333,6.70,58.34
-28.280784,-52.3929335,6.76,54.79
-28.280781333333,-52.392931166667,6.03,51.40
-28.280778666667,-52.392929333333,6.12,47.88
-28.280775666667,-52.392927166667,7.32,45.04
-28.280772666667,-52.392925166667,6.11,42.00
-28.280769833333,-52.392923666667,5.89,38.79
-28.280767,-52.392922166667,6.66,35.38
-28.280763666667,-52.392920833333,7.26,31.48
-28.28076,-52.39292,7.00,27.09
-28.2807565,-52.3929195,7.00,22.75
-28.280753,-52.392919,6.64,20.14
-28.280749333333,-52.3929185,7.43,16.73
-28.280745666667,-52.392918666667,7.05,12.58
-28.280742,-52.392919,7.05,8.75
-28.2807385,-52.3929195,7.13,5.19
-28.280734833333,-52.392920333333,7.22,1.25
-28.280731333333,-52.392921333333,6.92,-2.50
-28.280727833333,-52.3929225,7.42,-5.93
-28.280724166667,-52.392924,7.55,-9.44
-28.280720833333,-52.392926,7.48,-13.68
-28.2807175,-52.392928,7.43,-16.82
-28.280714166667,-52.392930166667,7.72,-20.18
-28.280710833333,-52.392932833333,7.60,-23.16
-28.280707666667,-52.392935166667,7.40,-26.01
-28.280704666667,-52.392938,7.72,-29.25
-28.280701833333,-52.392941,7.39,-31.95
-28.280698833333,-52.392943833333,7.56,-34.06
-28.280696,-52.392946833333,7.94,-36.45
-28.280693333333,-52.39295,7.16,-38.80
-28.280690666667,-52.392953166667,7.97,-40.41
-28.280688166667,-52.3929565,7.52,-42.70
-28.280685833333,-52.39296,7.94,-44.70
-28.280683666667,-52.3929635,7.22,-46.23
-28.280681333333,-52.392966666667,7.30,-47.72
-28.280679166667,-52.392970166667,7.75,-49.11
-28.280677166667,-52.392973666667,6.56,-50.11
-28.280675,-52.392976833333,7.54,-51.16
-28.280673,-52.392980333333,7.34,-51.69
-28.280670666667,-52.392983833333,7.44,-51.23
-28.280668166667,-52.392987,7.59,-50.81
-28.280665833333,-52.392990166667,6.67,-50.41
-28.2806635,-52.392993166667,7.78,-49.52
-28.280660833333,-52.3929965,7.54,-49.54
-28.2806585,-52.392999666667,7.13,-49.76
-28.280656166667,-52.393003,7.51,-49.96
-28.280653833333,-52.393006333333,7.32,-49.92
-28.280651333333,-52.393009333333,7.10,-49.09
-28.280649,-52.3930125,7.60,-49.85
-28.280646666667,-52.393015833333,7.27,-49.95
-28.280644333333,-52.393019166667,7.83,-50.23
-28.280642,-52.3930225,7.60,-50.50
-28.2806395,-52.393025666667,6.87,-49.27
-28.280637,-52.393028833333,8.36,-49.90
-28.2806345,-52.393032333333,7.71,-49.79
-28.280632,-52.393035666667,7.58,-49.66
-28.2806295,-52.393039166667,8.41,-49.66
-28.280626666667,-52.393042666667,8.31,-49.09
-28.280624,-52.393045833333,7.53,-48.08
-28.280621,-52.393048833333,8.45,-46.70
-28.280617833333,-52.393052166667,8.82,-45.95
-28.280614833333,-52.393055333333,7.77,-45.19
-28.280611833333,-52.393058333333,8.42,-44.39
-28.280608666667,-52.3930615,8.33,-43.56
-28.280605666667,-52.3930645,8.22,-42.79
-28.2806025,-52.3930675,7.94,-42.35
-28.280599333333,-52.393070333333,8.52,-41.36
-28.280595833333,-52.393073166667,8.75,-40.70
-28.280592333333,-52.393076166667,8.33,-39.20
-28.280588833333,-52.393078666667,8.28,-37.92
-28.280585333333,-52.3930815,8.85,-37.52
-28.280581666667,-52.393084166667,8.52,-36.02
-28.280578,-52.393086333333,7.65,-34.47
-28.280574666667,-52.393088666667,8.35,-34.39
-28.280571,-52.393091166667,8.27,-33.48
-28.280567333333,-52.3930935,8.56,-32.80
-28.280563666667,-52.393096,8.52,-32.38
-28.28056,-52.3930985,8.56,-32.33
-28.280556333333,-52.393101,8.04,-32.16
-28.280552833333,-52.3931035,8.55,-32.35
-28.280549166667,-52.393106,8.18,-32.06
-28.2805455,-52.3931085,8.40,-32.39
-28.280542166667,-52.393111166667,8.23,-33.19
-28.280538666667,-52.393113666667,8.36,-33.20
-28.280535166667,-52.393116333333,8.31,-33.34
-28.2805315,-52.393119,8.60,-33.52
-28.280528,-52.393121666667,8.59,-33.88
-28.2805245,-52.393124333333,8.16,-33.67
-28.280520833333,-52.393127,8.76,-34.27
-28.2805175,-52.393129833333,8.27,-34.60
-28.280514,-52.3931325,8.31,-34.93
-28.2805105,-52.393135333333,8.70,-35.46
-28.280507,-52.393138,7.98,-34.70
-28.2805035,-52.3931405,8.52,-34.62
-28.2805,-52.393143166667,8.62,-34.48
-28.280496333333,-52.393145666667,7.88,-33.79
-28.280492833333,-52.393148166667,8.47,-34.03
-28.280489333333,-52.393150666667,8.26,-33.73
-28.280485833333,-52.393153333333,8.49,-33.60
-28.280482333333,-52.393155666667,7.77,-33.49
-28.280478833333,-52.393158333333,9.09,-33.63
-28.280475,-52.393161,8.58,-33.62
-28.2804715,-52.393163666667,8.00,-33.35
-28.280468,-52.393166333333,9.12,-33.96
-28.280464333333,-52.393169,7.97,-33.15
-28.280460833333,-52.393171333333,7.97,-32.70
-28.280457333333,-52.393173666667,8.63,-32.75
-28.280453666667,-52.393176333333,8.30,-32.52
-28.280450166667,-52.393178666667,8.16,-32.44
-28.2804465,-52.393181166667,8.87,-32.39
-28.280442833333,-52.393183833333,8.52,-32.36
-28.280439333333,-52.393186333333,8.33,-32.74
-28.280435666667,-52.393188833333,8.23,-32.22
-28.280432,-52.393191333333,8.77,-31.89
-28.280428333333,-52.393193833333,8.51,-31.82
-28.280424666667,-52.393196333333,8.27,-31.61
-28.280421,-52.393198666667,8.62,-31.36
-28.280417333333,-52.393201333333,8.84,-32.21
-28.280413666667,-52.393204,8.20,-32.02
-28.28041,-52.393206333333,8.28,-31.84
-28.2804065,-52.393208833333,8.64,-32.27
-28.280402833333,-52.3932115,8.47,-32.26
-28.280399333333,-52.393214,8.14,-32.38
-28.280395833333,-52.393216666667,8.42,-32.82
-28.280392333333,-52.393219166667,8.87,-32.78
-28.280388666667,-52.393221833333,8.86,-33.30
-28.280385,-52.3932245,7.87,-32.45
-28.2803815,-52.393226833333,8.61,-32.71
-28.280377833333,-52.3932295,8.62,-32.59
-28.280374166667,-52.393232,8.48,-32.53
-28.280370666667,-52.3932345,8.37,-32.82
-28.280367,-52.393237,8.50,-32.40
-28.280363166667,-52.393239333333,8.84,-31.67
-28.280359333333,-52.393241666667,8.57,-30.73
-28.2803555,-52.393244,8.48,-31.01
-28.280351833333,-52.3932465,8.64,-30.74
-28.280348166667,-52.393248666667,8.06,-29.91
-28.2803445,-52.393250833333,8.52,-30.00
-28.280340833333,-52.393253333333,8.54,-30.85
-28.280337333333,-52.393256,7.79,-30.89
-28.280333666667,-52.393258333333,8.56,-30.74
-28.28033,-52.3932605,8.76,-29.99
-28.280326333333,-52.393262833333,7.95,-30.23
-28.280322833333,-52.393265333333,8.24,-31.16
-28.280319333333,-52.393268,8.92,-31.54
-28.280315666667,-52.393270666667,8.09,-31.91
-28.280312166667,-52.393273333333,8.65,-32.69
-28.280308666667,-52.393276,8.28,-32.99
-28.280305333333,-52.393278666667,8.27,-33.45
-28.280301833333,-52.393281333333,8.31,-33.65
-28.2802985,-52.393284,8.12,-33.96
-28.280295,-52.393286833333,8.62,-34.54
-28.280291666667,-52.3932895,7.99,-34.75
-28.2802885,-52.393292333333,8.33,-35.39
-28.280285166667,-52.393295166667,8.15,-36.10
-28.280281833333,-52.393298,8.50,-36.09
-28.280278333333,-52.393300833333,8.36,-36.05
-28.280275,-52.393303666667,8.39,-36.16
-28.2802715,-52.393306333333,8.43,-35.90
-28.280268,-52.393309,8.40,-35.31
-28.280264333333,-52.393311333333,8.23,-33.86
-28.280260666667,-52.393313666667,8.57,-33.01
-28.280256833333,-52.393315666667,8.50,-30.91
-28.280252833333,-52.3933175,8.66,-29.44
-28.280248833333,-52.393319166667,8.48,-26.73
-28.280244666667,-52.3933205,9.12,-25.07
-28.280240333333,-52.393322,8.61,-23.24
-28.280236166667,-52.393323,8.66,-21.09
-28.280232,-52.393323833333,8.18,-18.65
-28.280228,-52.393324666667,8.51,-16.94
-28.280223666667,-52.393325333333,8.66,-14.95
-28.280219333333,-52.393325666667,8.34,-12.48
-28.280215166667,-52.393325666667,8.62,-10.04
-28.280210833333,-52.393325833333,8.91,-8.46
-28.280206333333,-52.393325833333,8.95,-7.01
-28.280202,-52.393326,7.90,-5.50
-28.280198,-52.393325666667,8.61,-4.06
-28.280193833333,-52.3933255,8.41,-3.50
-28.280189666667,-52.393325333333,8.20,-1.76
-28.280185666667,-52.393324833333,8.45,-0.86
-28.280181333333,-52.393324833333,8.55,-1.22
-28.280177166667,-52.393325,8.12,-1.26
-28.280173166667,-52.393325,7.96,-1.31
-28.280169333333,-52.393325166667,8.16,-2.08
-28.280165166667,-52.393325333333,8.17,-1.72
-28.280161166667,-52.3933255,7.93,-2.38
-28.280157166667,-52.393326,8.23,-4.02
-28.280153,-52.393327,8.59,-5.99
-28.280149,-52.393328,8.36,-6.76
-28.280144833333,-52.393328833333,8.52,-8.14
-28.280140833333,-52.393330166667,8.27,-10.03
-28.280136833333,-52.3933315,8.38,-10.97
-28.280132666667,-52.3933325,8.77,-11.55
-28.280128833333,-52.393334166667,8.24,-14.28
-28.280125166667,-52.393336333333,8.58,-17.66
-28.2801215,-52.393338833333,8.32,-20.53
-28.280118166667,-52.393341333333,8.17,-22.91
-28.280114666667,-52.393343833333,8.07,-25.29
-28.2801115,-52.393346666667,8.45,-28.63
-28.280108333333,-52.393349833333,8.12,-31.14
-28.280105333333,-52.393353,8.15,-33.95
-28.2801025,-52.393356166667,8.50,-36.05
-28.280099666667,-52.3933595,7.97,-38.16
-28.280097,-52.393363,8.22,-40.61
-28.2800945,-52.393366666667,8.18,-43.09
-28.280092,-52.393370333333,7.97,-45.25
-28.28009,-52.393374,7.64,-47.96
-28.280087833333,-52.393377833333,8.30,-49.95
-28.280085833333,-52.393381833333,8.02,-52.70
-28.280084166667,-52.393385833333,7.55,-54.59
-28.2800825,-52.393389833333,8.44,-56.69
-28.280080833333,-52.393394166667,8.30,-59.06
-28.2800795,-52.393398333333,7.53,-61.56
-28.2800785,-52.3934025,7.97,-64.65
-28.280077666667,-52.393407,8.08,-66.82
-28.280076666667,-52.393411166667,7.35,-68.48
-28.280075833333,-52.3934155,7.91,-70.52
-28.280075166667,-52.393419833333,7.96,-72.59
-28.280074666667,-52.3934245,8.48,-74.40
-28.280073833333,-52.393429,7.96,-74.97
-28.280073166667,-52.393433333333,7.27,-75.88
-28.280072333333,-52.3934375,8.05,-76.60
-28.280071666667,-52.393441833333,7.32,-77.18
-28.280071166667,-52.393446166667,7.63,-78.81
-28.280070833333,-52.393450833333,8.54,-80.42
-28.2800705,-52.3934555,7.88,-81.16
-28.280070166667,-52.393459833333,7.80,-81.85
-28.2800695,-52.393464,7.76,-80.77
-28.2800685,-52.393468333333,7.68,-80.21
-28.280068,-52.393472666667,8.03,-80.25
-28.280067333333,-52.393477,7.26,-81.02
-28.280067,-52.393481333333,8.67,-81.45
-28.2800665,-52.393486,7.97,-81.18
-28.280065833333,-52.393490333333,7.25,-80.93
-28.280065166667,-52.3934945,8.21,-80.32
-28.280064333333,-52.393499,7.47,-80.13
-28.280063833333,-52.393503333333,8.49,-80.59
-28.280063,-52.393507833333,8.04,-80.00
-28.280062166667,-52.393512166667,6.98,-79.23
-28.2800615,-52.393516333333,8.28,-79.06
-28.280060666667,-52.393520833333,8.30,-79.18
-28.280060166667,-52.393525333333,7.55,-80.64
-28.280059833333,-52.393529666667,8.16,-80.32
-28.280058833333,-52.393534,7.70,-78.86
-28.280058,-52.393538333333,7.66,-78.88
-28.280057333333,-52.393542666667,8.45,-79.30
-28.280056833333,-52.393547,7.39,-79.86
-28.280056333333,-52.393551333333,7.72,-80.44
-28.280055666667,-52.393555666667,7.71,-80.09
-28.280054833333,-52.393559833333,7.36,-79.25
-28.280054,-52.393563833333,7.67,-78.51
-28.280053166667,-52.393568,7.70,-78.55
-28.2800525,-52.393572333333,7.56,-79.27
-28.280052,-52.3935765,7.58,-79.53
-28.280051166667,-52.393580833333,8.19,-79.41
-28.2800505,-52.393585333333,7.75,-79.39
-28.2800495,-52.3935895,7.45,-78.17
-28.280048666667,-52.3935935,7.70,-77.66
-28.280047666667,-52.3935975,6.99,-77.31
-28.280047,-52.393601333333,7.16,-77.60
-28.280046333333,-52.393605333333,7.34,-77.74
-28.2800455,-52.3936095,7.74,-77.63
-28.2800445,-52.3936135,6.80,-76.80
-28.280043666667,-52.393617333333,7.48,-76.63
-28.2800425,-52.393621166667,6.78,-75.12
-28.2800415,-52.393625,7.19,-74.94
-28.280040666667,-52.393628833333,7.14,-75.67
-28.280040166667,-52.393632833333,7.40,-76.56
-28.2800395,-52.393637,7.52,-77.38
-28.280038833333,-52.393641166667,7.78,-77.53
-28.280037833333,-52.393645333333,7.11,-76.29
-28.280036833333,-52.393649166667,7.67,-76.27
-28.280036,-52.393653166667,6.78,-76.17
-28.280035166667,-52.393657166667,7.68,-76.80
-28.280034666667,-52.393661166667,7.25,-78.30
-28.280034333333,-52.393665333333,7.15,-79.17
-28.280033666667,-52.393669333333,7.76,-78.97
-28.280032833333,-52.3936735,7.44,-77.94
-28.2800315,-52.393677333333,7.35,-75.83
-28.28003,-52.393681166667,7.60,-74.05
-28.280028333333,-52.393685,7.07,-70.90
-28.280026166667,-52.3936885,7.90,-67.79
-28.280023666667,-52.393691833333,7.55,-63.11
-28.280020666667,-52.3936945,8.42,-57.43
-28.280016833333,-52.393696833333,8.43,-51.10
-28.280013,-52.393698833333,8.46,-46.13
-28.280009166667,-52.3937005,8.38,-40.73
-28.280005166667,-52.393702166667,8.65,-36.15
-28.280001,-52.3937035,8.62,-32.09
-28.279997,-52.3937045,7.91,-27.22
-28.279993,-52.393705,8.18,-23.51
-28.279988833333,-52.393705666667,8.54,-20.28
-28.279985,-52.393706333333,7.20,-17.63
-28.279981166667,-52.393706833333,8.12,-15.98
-28.279977166667,-52.393707833333,7.93,-15.31
-28.279973333333,-52.393708666667,7.84,-14.49
-28.2799695,-52.3937095,7.91,-13.60
-28.279965333333,-52.3937105,8.29,-13.48
-28.279961333333,-52.393711666667,7.87,-13.60
-28.2799575,-52.3937125,7.59,-12.83
-28.279953833333,-52.393713166667,7.40,-12.03
-28.27995,-52.393713666667,7.79,-11.04
-28.279946,-52.3937145,7.92,-11.35
-28.279942166667,-52.393715333333,7.59,-11.23
-28.279938333333,-52.393716166667,7.79,-10.47
-28.279934333333,-52.393716666667,8.25,-9.23
-28.279930333333,-52.393717166667,7.95,-9.07
-28.279926333333,-52.393717833333,7.75,-8.89
-28.2799225,-52.3937185,7.96,-9.05
-28.2799185,-52.393719,7.85,-8.33
-28.2799145,-52.3937195,8.52,-8.05
-28.279910333333,-52.393720166667,8.13,-8.82
-28.279906333333,-52.393721,7.57,-7.91
-28.2799025,-52.3937215,7.77,-8.38
-28.279898666667,-52.393722,8.08,-7.70
-28.2798945,-52.393722166667,8.16,-6.33
-28.2798905,-52.3937225,8.10,-6.51
-28.279886333333,-52.393723166667,8.47,-6.71
-28.279882,-52.393723666667,8.52,-6.09
-28.279877833333,-52.393724,8.58,-6.30
-28.279873666667,-52.3937245,7.97,-6.28
-28.279869833333,-52.393725,7.26,-6.61
-28.279866166667,-52.393725666667,7.40,-7.97
-28.279862333333,-52.393726333333,7.81,-7.63
-28.279858333333,-52.393726333333,8.14,-5.82
-28.279854333333,-52.393726333333,8.16,-4.63
-28.279850166667,-52.393726333333,8.46,-4.85
-28.279846166667,-52.393726833333,7.72,-4.87
-28.279842166667,-52.393727333333,8.02,-5.49
-28.279838166667,-52.393727833333,8.01,-5.92
-28.279834333333,-52.393728166667,7.61,-4.92
-28.279830333333,-52.393728333333,8.37,-5.57
-28.279826333333,-52.393728666667,7.93,-4.58
-28.279822333333,-52.393729,8.05,-4.95
-28.279818333333,-52.393729333333,7.99,-4.76
-28.279814166667,-52.3937295,8.36,-4.38
-28.279809833333,-52.393729666667,8.83,-4.08
-28.279805333333,-52.39373,8.85,-4.14
-28.279800833333,-52.393730333333,8.76,-3.56
-28.2797965,-52.393730166667,8.45,-2.05
-28.279792166667,-52.393730166667,8.74,-2.14
-28.279787833333,-52.393730666667,8.68,-3.35
-28.2797835,-52.3937315,8.48,-5.02
-28.279779333333,-52.393732333333,8.35,-5.80
-28.279775,-52.393732833333,8.75,-5.78
-28.279770666667,-52.393733333333,8.39,-5.67
-28.279766333333,-52.393734,8.95,-6.87
-28.279762,-52.393735166667,8.92,-8.37
-28.279757666667,-52.393736,8.70,-8.01
-28.279753333333,-52.3937365,8.50,-7.38
-28.279749,-52.393737166667,8.61,-7.90
-28.279744833333,-52.393738166667,8.59,-9.09
-28.279740666667,-52.3937395,8.30,-10.42
-28.2797365,-52.393740666667,8.80,-10.85
-28.279732166667,-52.393741166667,8.62,-8.75
-28.279727666667,-52.393741333333,8.85,-7.52
-28.279723333333,-52.393741666667,8.46,-7.13
-28.279719166667,-52.393742333333,8.00,-7.09
-28.279715,-52.393742833333,8.59,-7.52
-28.279710833333,-52.393743666667,7.95,-7.56
-28.279706833333,-52.393744666667,8.30,-9.52
-28.279703,-52.3937465,8.25,-12.24
-28.279699166667,-52.3937485,8.50,-15.44
-28.2796955,-52.393750833333,8.12,-18.49
-28.279692166667,-52.3937535,8.25,-22.42
-28.279689166667,-52.393756666667,8.22,-26.89
-28.279686333333,-52.393760166667,8.48,-31.61
-28.279683833333,-52.393763833333,8.16,-36.34
-28.279681666667,-52.393767833333,8.13,-41.04
-28.279679833333,-52.393771833333,7.84,-46.16
-28.279678333333,-52.393776,7.68,-50.96
-28.279677333333,-52.393780166667,7.76,-55.90
-28.279676333333,-52.393784666667,8.39,-60.32
-28.279675666667,-52.393789166667,7.61,-64.38
-28.279675333333,-52.393793333333,7.54,-68.94
-28.279675166667,-52.393797666667,7.95,-72.16
-28.279674833333,-52.393802,7.35,-75.08
-28.279674833333,-52.393806,6.89,-78.16
-28.279675166667,-52.393810333333,8.06,-81.63
-28.2796755,-52.393814666667,7.75,-84.27
-28.279676,-52.393818833333,7.02,-87.67
-28.279676666667,-52.393822833333,7.27,-89.94
-28.279677333333,-52.393827,7.77,-91.72
-28.279678166667,-52.393831333333,7.93,-94.35
-28.279679333333,-52.393835333333,7.22,-97.19
-28.2796805,-52.393839333333,7.30,-100.12
-28.279682,-52.393843166667,7.78,-102.27
-28.279683666667,-52.393847,7.52,-105.82
-28.2796855,-52.393850666667,7.17,-109.76
-28.2796875,-52.393853666667,6.06,-113.61
-28.279689333333,-52.393856666667,6.87,-115.29
-28.279691333333,-52.39386,7.22,-118.21
-28.279693833333,-52.393863,7.35,-120.82
-28.279696333333,-52.393866166667,7.29,-123.32
-28.279698666667,-52.393869166667,7.17,-124.67
-28.279700833333,-52.393872333333,6.86,-125.99
-28.2797035,-52.393875166667,7.68,-127.46
-28.279706333333,-52.393878333333,8.35,-128.33
-28.279708833333,-52.393881166667,6.25,-130.69
-28.279711166667,-52.393883833333,7.00,-131.80
-28.279713666667,-52.393886833333,7.55,-131.52
-28.279716,-52.393889833333,6.93,-131.79
-28.279718333333,-52.393893,7.26,-129.90
-28.279720666667,-52.393896,7.11,-131.70
-28.279723333333,-52.393898833333,7.62,-132.65
-28.279725833333,-52.393902,7.33,-131.59
-28.279728166667,-52.393905333333,7.50,-129.53
-28.279730166667,-52.393908833333,7.40,-128.85
-28.279732333333,-52.393912166667,7.01,-128.80
-28.279734333333,-52.393915166667,6.53,-128.42
-28.2797365,-52.393918333333,7.69,-127.57
-28.2797385,-52.393921666667,6.16,-127.00
-28.279740166667,-52.393924833333,6.78,-125.36
-28.279742,-52.393928166667,7.57,-124.09
-28.279743833333,-52.3939315,6.34,-124.54
-28.2797455,-52.393934333333,6.00,-124.24
-28.279747333333,-52.393937333333,6.53,-123.83
-28.279749166667,-52.393940666667,7.20,-122.88
-28.279751166667,-52.3939445,8.50,-121.81
-28.279753333333,-52.3939485,8.27,-121.30
-28.279754833333,-52.393952,5.99,-120.49
-28.279756166667,-52.393954833333,5.25,-120.94
-28.279757666667,-52.393957666667,6.14,-120.71
-28.279759,-52.3939605,5.42,-122.07
-28.2797605,-52.393963166667,5.74,-121.19
-28.279761833333,-52.393966,5.65,-121.16
-28.279763166667,-52.393968833333,5.25,-120.50
-28.279764333333,-52.393972,6.60,-118.72
-28.2797655,-52.393975166667,5.74,-118.48
-28.279766833333,-52.393977833333,5.07,-120.29
-28.2797685,-52.3939805,6.20,-119.79
-28.279769833333,-52.393983833333,6.53,-118.65
-28.279771166667,-52.393987166667,6.32,-118.41
-28.279772666667,-52.393990333333,6.59,-118.21
-28.279774166667,-52.393993666667,6.38,-117.57
-28.2797755,-52.393996833333,6.44,-118.16
-28.279777166667,-52.394000166667,6.86,-118.74
-28.279778833333,-52.394003666667,6.77,-118.76
-28.2797805,-52.394007333333,7.54,-118.66
-28.279782166667,-52.394011166667,7.61,-118.41
-28.279783833333,-52.394015,7.42,-117.95
-28.279785166667,-52.394019166667,7.76,-117.41
-28.279787,-52.394023333333,8.02,-117.46
-28.279788666667,-52.394027333333,7.80,-117.41
-28.279790166667,-52.394031166667,6.93,-117.45
-28.279791833333,-52.394034833333,7.43,-116.75
-28.279793333333,-52.394038833333,8.05,-116.79
-28.279795,-52.394043,7.70,-116.41
-28.2797965,-52.394047,7.48,-115.81
-28.279798166667,-52.394050833333,7.72,-116.10
-28.2797995,-52.394055333333,8.00,-115.18
-28.279801,-52.394059333333,7.30,-115.26
-28.2798025,-52.394063166667,7.25,-115.26
-28.279803833333,-52.394067,7.65,-114.58
-28.2798055,-52.394071,7.56,-115.70
-28.279807666667,-52.3940745,7.59,-118.89
-28.27981,-52.394077833333,7.65,-120.26
-28.2798125,-52.394081,7.10,-123.34
-28.279815,-52.394083833333,7.32,-126.36
-28.279817666667,-52.394087,7.85,-127.59
-28.279820166667,-52.394090166667,7.46,-128.87
-28.279822833333,-52.394093166667,7.40,-130.39
-28.2798255,-52.394096333333,7.59,-131.40
-28.279828333333,-52.394099333333,7.68,-132.00
-28.279830833333,-52.3941025,7.37,-132.83
-28.279833333333,-52.394105666667,7.50,-132.18
-28.279835833333,-52.394109,7.76,-131.98
-28.279838333333,-52.394112,6.64,-132.65
-28.279840333333,-52.394114666667,6.14,-132.58
-28.279842666667,-52.394117333333,6.71,-133.01
-28.279845,-52.394119833333,6.22,-134.57
-28.279847166667,-52.394122333333,6.46,-134.19
-28.279849333333,-52.394125,6.00,-134.74
-28.2798515,-52.394127166667,5.76,-135.02
-28.2798535,-52.3941295,5.59,-134.24
-28.279855166667,-52.394132166667,6.01,-131.39
-28.279856666667,-52.394135166667,6.05,-128.83
-28.2798585,-52.394138333333,7.26,-128.00
-28.279860666667,-52.394141666667,7.24,-128.02
-28.279862166667,-52.3941445,4.76,-125.99
-28.279863333333,-52.394146666667,4.30,-126.77
-28.279864833333,-52.394149,5.68,-125.54
-28.279866166667,-52.394151666667,5.68,-125.92
-28.279867666667,-52.394154333333,5.31,-125.03
-28.279869,-52.394157,5.65,-124.18
-28.279870333333,-52.394159333333,4.36,-124.63
-28.279871333333,-52.394161666667,4.71,-123.52
-28.2798725,-52.394163833333,4.12,-122.11
-28.279873666667,-52.394166166667,4.99,-122.29
-28.279875166667,-52.394168833333,5.74,-123.08
-28.2798765,-52.394171333333,4.79,-122.13
-28.2798775,-52.394174333333,6.24,-119.86
-28.279878833333,-52.394177833333,6.59,-118.48
-28.27988,-52.394180833333,5.51,-118.38
-28.279881333333,-52.394184,6.45,-117.03
-28.279882166667,-52.394187833333,6.89,-114.76
-28.279883,-52.394191833333,7.08,-112.71
-28.279883666667,-52.394196,7.50,-109.37
-28.279884,-52.394199833333,6.56,-106.36
-28.279884,-52.394203666667,6.48,-102.44
-28.279883833333,-52.394207666667,7.34,-98.84
-28.279883166667,-52.394211666667,7.07,-95.12
-28.2798825,-52.3942155,6.69,-90.42
-28.279881333333,-52.394219,6.38,-86.10
-28.279879833333,-52.394222666667,7.80,-81.18
-28.279877833333,-52.394226833333,7.89,-77.38
-28.279875666667,-52.3942305,7.45,-72.51
-28.279873333333,-52.394233833333,7.26,-68.31
-28.279871,-52.394236833333,7.05,-64.15
-28.2798685,-52.39424,7.74,-60.74
-28.279865666667,-52.394243166667,7.30,-57.33
-28.279863166667,-52.394246166667,7.10,-54.61
-28.279860666667,-52.394249166667,7.48,-52.64
-28.279857833333,-52.3942525,7.68,-51.03
-28.279855,-52.3942555,7.67,-47.95
-28.279851833333,-52.394258166667,7.65,-45.93
-28.279848666667,-52.394260833333,7.39,-43.69
-28.279845833333,-52.3942635,7.19,-42.66
-28.279843333333,-52.394266333333,6.79,-43.90
-28.279841166667,-52.394269333333,6.60,-44.67
-28.279838333333,-52.394272,7.32,-42.64
-28.279835333333,-52.3942745,7.00,-41.96
-28.2798325,-52.394277,7.00,-40.61
-28.279829833333,-52.394279333333,6.39,-39.13
-28.279827,-52.394281833333,6.99,-39.01
-28.279824333333,-52.394284833333,7.38,-40.08
-28.2798215,-52.394287333333,6.56,-38.82
-28.279818666667,-52.394289333333,6.36,-37.67
-28.279815833333,-52.3942915,7.19,-36.78
-28.279812666667,-52.394293833333,7.10,-35.66
-28.279809666667,-52.394296,6.82,-35.50
-28.279806666667,-52.394298166667,7.13,-34.56
-28.279803666667,-52.394300166667,6.59,-33.63
-28.279800666667,-52.394301666667,6.83,-30.78
-28.2797975,-52.394303166667,6.27,-29.20
-28.2797945,-52.394304833333,6.70,-28.78
-28.2797915,-52.394306666667,7.18,-28.88
-28.279788333333,-52.394308666667,7.03,-28.56
-28.279785,-52.39431,6.58,-26.33
-28.279781833333,-52.394311,6.37,-23.99
-28.279778666667,-52.394311833333,6.57,-21.45
-28.2797755,-52.394312833333,6.46,-20.65
-28.279772333333,-52.394314333333,6.73,-21.74
-28.279769666667,-52.394315666667,5.69,-20.96
-28.279767,-52.394316333333,5.13,-18.77
-28.279764666667,-52.394317333333,4.41,-19.46
-28.2797625,-52.394318166667,4.30,-19.49
-28.2797605,-52.394319166667,4.03,-20.47
-28.279758833333,-52.394319833333,3.37,-19.07
-28.279757166667,-52.394320333333,3.29,-16.81
-28.279755833333,-52.394320666667,1.76,-16.80
-28.279755166667,-52.394321,1.02,-15.83
-28.279754833333,-52.394321166667,0.40,
-28.279754833333,-52.394321333333,0.28,
